-0.00016302998932475762 0.000201527845602027
-9.071429732840537e-05 0.00021631367580535787
-9.067757901017535e-05 0.0001705777439217522
1.6185674922088762e-05 6.181214044222892e-05
4.061446550562051e-05 6.196473655639071e-05
4.665664180669259e-05 4.098695669431838e-05
5.038739201097896e-05 2.2659952197707626e-05
3.5309550998182834e-05 2.1869213895686018e-05
1.5873911254844462e-05 2.1396046046212256e-05
5.123307603730626e-05 2.1222726928586527e-05
7.104715775051215e-06 6.8784578439085825e-06
1.9127627815143654e-05 1.7117966259517452e-05
5.7573043432604085e-06 7.505291268860952e-06
-3.36228875215263e-07 4.658920986556776e-06
3.548613417087916e-06 7.668633331378859e-06
2.1049405688343115e-06 2.6811799605113338e-05
2.7571682983245958e-06 -1.7357926039077852e-06
-1.3755789440207246e-05 -1.6734771610015486e-06
-3.047145069345588e-06 1.424994418574818e-06
5.717137487376885e-07 5.482209909175095e-06
1.0775982328078431e-05 -1.0516913174356596e-05
1.0476858442724787e-05 -1.775466926718215e-05
2.0818756299466934e-05 3.4086355998785315e-06
-6.638324891665033e-07 3.6039032733658366e-05
-1.2096878846359408e-05 4.8034406965076225e-06
-1.8026133500332052e-05 3.200474704957681e-06
-1.4146631866776846e-05 1.0096919483256413e-05
-1.6962223638085492e-05 1.887445603601402e-05
-2.2409938484460797e-05 -1.701628118612067e-05
-3.186096703457956e-05 -2.1939104695225282e-05
-4.8317862345600775e-05 -2.8076179417506548e-06
-6.879207780479059e-05 2.5665151898113658e-05
-9.524196117694059e-05 6.822191052814867e-05
-0.00012357079075729407 0.00010972939007630006
-0.00014476311542665736 0.00013666762205051893
-0.00017404925597781356 0.00015789708989735296
-0.0002113906497726262 0.00015864814630019898
-0.00024319084645325713 0.00014723212900456437
-0.00027323812483145374 0.00015694916185231123
-0.00029900152461396085 0.00018709223718258865
-0.0003479033323200921 0.00022788036717807743
-0.0004155894192335483 0.00027734934123909626
-0.0004987066828897088 0.0003279695262030106
-0.0005825214738785266 0.0003791267027935207
-0.0006851955703575908 0.0004444360048901563
-0.0007872978394249677 0.0005183512200525796
-0.0008757986357520965 0.0006105110539118093
-0.0009482116040350749 0.0007373527757491546
-0.0009854433854169676 0.0008646710342967537
-0.0010144510485142716 0.000983129409462405
-0.001032709073965339 0.0010968515580316595
-0.0010483055415962195 0.0012248267256220328
-0.0010655269275221045 0.0013651305530319768
-0.0009281264621046313 0.0009595685177211088
-0.0009555105340810007 -0.00015711591599726994
-0.0008858865506791339 -0.00016877927611901858
-0.0008881884556159817 -0.00016373939952700215
-0.0010114978309712437 -0.00015863667756084733
-0.0009211547357629488 -0.00016002911009941844
-0.0008909427544790185 -0.0001721333047977907
-0.001038081916228682 -0.00014773969297344987
-0.0010901324817374697 -0.0001910311260645295
-0.0010643574750761175 -0.00019976424963236223
-0.0011409644678942409 -0.0001712990537225107
-0.0010675270488527402 -0.00018587140010886815
-0.0010097547066677474 -0.00020747628054860865
-0.0012054678659715458 -0.00016754675576776583
-0.001140527166789396 -0.00019359942943332665
-0.0010856240921501806 -0.00023060047351620088
-0.001254262071895341 -0.00018426849871594874
-0.0011897758406148485 -0.00022335160879706365
-0.0011485883807830367 -0.00022260570550497666
-0.001263808824895221 -0.00011507684161230888
-0.0012170063097075702 -0.00021368037241718745
-0.0011703382022854743 -0.00025999135347711
-0.0012693784308636796 -0.00013008552932404114
-0.0012862253512841754 -0.0002719207682242841
-0.0012905714408983097 -0.00031237375239201594
-0.0013561144548068494 -0.0002146643404793216
-0.0013020740910201663 -0.00023937352854285383
-0.0012657262122437896 -0.00025797093114874334
-0.0013962471761798866 -0.0002263584301193249
-0.0013898951874965573 -0.00030909286468744937
-0.0012838767751765974 -0.000302098643443717
-0.0013989347415449098 -0.0002551513400447794
-0.001388482418933311 -0.0002726400335672389
-0.0013144070280322454 -0.0003012976060553498
-0.0014730412995073922 -0.000264108143729437
-0.001453402497549368 -0.000252488980520804
-0.0013240217330162025 -0.00029605341433357635
-0.0014218893532758712 -0.0002827670078868405
-0.001484058054686022 -0.0003059221702911199
-0.0013828053074111688 -0.0003397019684074253
-0.0014747563642184306 -0.000296734641909346
-0.001501706352496888 -0.00032046031633673454
-0.0013421245617738302 -0.00033731168340462713
-0.0014086804490430229 -0.00031201611343887833
-0.0014879394582876368 -0.0003178362833578143
-0.0013530189054793407 -0.00034220324606403565
-0.0014117686400053992 -0.00031213340129739487
-0.00149675603308316 -0.00026241941318040646
-0.0014317965248670196 -0.00038539434991723115
-0.0014403749389425577 -0.00029358801025345115
-0.0015308288090446003 -0.00022793606382589415
-0.0014766951609669627 -0.00038599333210827865
-0.0015003992281652425 -0.0002882181775431026
-0.00156379670150793 -0.00018136457478745455
-0.0014905929825613602 -0.0004022227416989965
-0.00155468124112311 -0.00036671177900400646
-0.0016172830727816466 -0.00018074177297556105
-0.0015545188293355132 -0.00038336884373768056
-0.0017035633147419187 -0.00036413994954586395
-0.0018228705093092214 -0.00015393090607246807
-0.0016719251881721822 -0.0003796009257109435
-0.001582965703697402 -0.0003237166966870655
-0.0016378537664456744 -0.00013969191806902613
-0.0015594270429097957 -0.00036761941553263425
-0.001561618160128937 -0.00035862609317026617
-0.0016754868107550541 -0.00011705917851019124
-0.0015912070207306432 -0.0003190380472951031
-0.0015905847898815338 -0.0003104315565254412
-0.0017572538171462832 -0.00016595517296663295
-0.001671376161381404 -0.00031700757177393463
-0.0016302653993928134 -0.00031123221453428616
-0.0017935653918936434 -0.0001891369313635325
-0.0017547507406460616 -0.00032479555127595464
-0.0016804426574393604 -0.0003339443620449359
-0.0018228116723552294 -0.00021887110960252317
-0.0017753698325330242 -0.00035428889801940604
-0.0017152373138142397 -0.0003996531610468544
-0.0018452164969527513 -0.00023623269581183776
-0.001836250894841864 -0.00037826889879339774
-0.0017331088905247125 -0.0003360906449713573
-0.0018978384201975764 -0.0002202131680066206
-0.0019192836758155022 -0.00037707300134109847
-0.0018436720799788833 -0.00042131334131268524
-0.001997209416028754 -0.00031119778442935555
-0.0019923946983029114 -0.00039158355945069224
-0.0018029907934333392 -0.0003735721772414218
-0.00194539164704702 -0.00031100317511005907
-0.001991116702855301 -0.00038452782648408106
-0.001840020467232959 -0.0003747637574246611
-0.0019967476163546736 -0.00034007611374749463
-0.002078609731028549 -0.0003706208675911012
-0.0019034335525108506 -0.00038764023354839446
-0.0019692386288937816 -0.0002810767448406089
-0.002100913161498484 -0.00033622338651177557
-0.001981922011948907 -0.0004356891337928411
-0.0020240866075733016 -0.0003816923261953327
-0.001949833885987518 -0.0002103251085199594
-0.0016725082457235132 -0.00038174485458315635
-0.0018027240410736747 -0.00029642929677501447
-0.0019056458312807813 -0.00012493374231724343
-0.0016404129511475001 -0.00032286840730453344
-0.0018329007773927662 -0.00031248323903665127
-0.0019764159053072706 -0.00010302582491389828
-0.001749340337229019 -0.00038085499548538236
-0.001850782638377198 -0.0003271035646610083
-0.002034805605854879 -9.522384801477368e-05
-0.0018208296623024253 -0.0003678876742918198
-0.0019080456916373775 -0.0003101650541716897
-0.0020894364990994333 -8.342997354717281e-05
-0.0018472949240111423 -0.00036592650876763504
-0.0019138412481583453 -0.00033471180731036983
-0.0020791525545026815 -7.546851608784693e-05
-0.0018969603784052935 -0.00035455870105217463
-0.001920451804962209 -0.0003502810733223023
-0.002085316727204792 -0.00011538415039606334
-0.001935776000720291 -0.0003515333442124166
-0.0019264251198686806 -0.0003603663386403068
-0.0020460116615023736 -0.00012767304948286607
-0.00197189438997279 -0.0003581406718748876
-0.0019334517441207241 -0.00037614651785148153
-0.002088939393045232 -0.0001487966123484219
-0.001998342765139828 -0.0003421954028209385
-0.0019497758666714813 -0.00041300073213547113
-0.0021998703168665066 -0.0002273446532497771
-0.0020311656691963456 -0.00033204329650656433
-0.0019319101112414319 -0.0004026544666855907
-0.0021858851044327136 -0.00023923051942733025
-0.0020687062564900124 -0.00033525122123628895
-0.0019504054707054337 -0.0004231692701427544
-0.002168640589117868 -0.000269514488577243
-0.0021336092103596406 -0.0003315715612032515
-0.00197059460113948 -0.0004453355877341261
-0.002201170264876747 -0.00028706494485220696
-0.0021306098737851587 -0.0003080886617634177
-0.0019522601072851076 -0.00045472240504820967
-0.002191615894013513 -0.0003187285808292353
-0.002219247423554092 -0.00029243441724761217
-0.002002724673930454 -0.00044612020652244443
-0.002202739818870631 -0.00030870929457354335
-0.0021718447050643385 -0.00023084711946196547
-0.002050857074199767 -0.0004442927067406819
-0.0022122401423009513 -0.0003318582527351313
-0.0022429444892864384 -0.00019987482422100986
-0.002052680610425294 -0.00043548113699561113
-0.002218334209929332 -0.0003320447670670121
-0.0022902792196172537 -0.00017113080157016698
-0.0021126190373933606 -0.00044015943374178524
-0.0022285761411967512 -0.00034549416001593096
-0.002392594773955961 -0.00012032174024106341
-0.0022277902707209464 -0.0003743689575551733
-0.002340193574749904 -0.0002802327463009424
-0.002530671774523226 -5.1117886398145285e-05
-0.0023261304220732254 -0.0003272235537236768
-0.002396479569636546 -0.00026807541535457793
-0.0025972463565186116 -4.016645205962587e-05
-0.0023719066108754414 -0.00031824883785458235
-0.002387376698812318 -0.0003168044539463042
-0.0025981839571543753 -8.155733672712277e-05
-0.002387006954840054 -0.0003351244135955656
-0.0024385172718433402 -0.00031374467638003236
-0.002607726407481571 -0.0001024247942567069
-0.0024832391123576674 -0.0003244414137675654
-0.0024460231590691895 -0.000348987988787205
-0.002585186476182023 -0.00013510075057687353
-0.00248026473243574 -0.00033367115092911893
-0.002429543753356266 -0.00037273872719311926
-0.0027038220016793405 -0.00021811522489783355
-0.0025359172683272592 -0.00033184710922947965
-0.0024731945883965795 -0.00040050767011523704
-0.0025854782781738134 -0.00018767652957444578
-0.0025859567656304873 -0.000337564323385863
-0.0024681308665547913 -0.00041623542961381185
-0.00272024001316773 -0.00027075568154896605
-0.0026738471449589524 -0.0003325278498457191
-0.002481981810295118 -0.000436798831359623
-0.0027126154264304207 -0.0002916664214504269
-0.002669225961415598 -0.0003087160796006693
-0.0025010825221943598 -0.0004149675064974224
-0.0027460235937878355 -0.0002830326370288889
-0.0027235161518371132 -0.00028292474933314815
-0.002518931607993945 -0.0004237720208793283
-0.0027352905783163263 -0.00030045391602836693
-0.0027234610456024905 -0.00027747764328307084
-0.002516856049974339 -0.0004463852515228432
-0.0027230672903096856 -0.0003317651033039139
-0.0028329751268607773 -0.0002613699868169668
-0.002541287971209419 -0.000453143740777854
-0.0026966035707719563 -0.0003467103378414283
-0.002697245400332042 -0.00017196727461572177
-0.0025693824334478864 -0.00043779367633781135
-0.0027572829395757967 -0.00032924371194545344
-0.0028379094880268576 -0.00010890179422783974
-0.002616016568766987 -0.00041342407499328086
-0.0027367914951621185 -0.00032518729072050225
-0.0029760159754869853 -9.750461206134833e-05
-0.002771966933110466 -0.00046599770032700033
-0.0029201612211672877 -0.0003783763862221681
-0.0035641233408629357 -4.557327451812832e-05
-0.003325923415632719 -0.0004133376667830708
-0.0034167415475935426 -0.00037197237909946046
-0.0036515962546617925 -2.6843054658638395e-05
-0.0033725371227673355 -0.0003853486378875399
-0.0034572870055507776 -0.00037477104761098046
-0.0036586821136182597 -3.8292078556939354e-05
-0.0034459799464830617 -0.00037774771971612746
-0.0034779842535633664 -0.00037659708225518964
-0.0036670857931542697 -6.549802527347925e-05
-0.0035098756781947603 -0.0003570200926067997
-0.003482636377472183 -0.0003805237598172902
-0.003679819639944413 -5.7866289108873036e-05
-0.003548175495367754 -0.0003607233646057058
-0.003468859797602712 -0.0004014583561564499
-0.003620220399480487 -8.590409623088308e-05
-0.003582525893059705 -0.00033670551487874903
-0.003507272270686091 -0.00039706590265018907
-0.0038509999028434284 -0.0001751418641974016
-0.003654994906005139 -0.0003185898547855448
-0.0035377963889233572 -0.00040788093812966835
-0.003924263605239976 -0.00017964694460000566
-0.0037152535446446336 -0.00031148743377519387
-0.003391725030389615 -0.0003189026014310641
-0.003922210457400729 -0.00021236707903005852
-0.00379787932807608 -0.0003081773177710286
-0.0035504641216534613 -0.00043109083213129396
-0.003847619648686361 -0.0002305585122861669
-0.0038067796939786082 -0.00028227807113652534
-0.0034052466129811236 -0.00035174742232879777
-0.003924501050009768 -0.00021832395041268245
-0.0039597141743805825 -0.00023410683985197593
-0.0036014989314477803 -0.0004324964425336359
-0.003905000366266845 -0.00021042273188122317
-0.0036721602589926557 -3.583650327151311e-05
-0.0036535258365927715 -0.00032997556413373017
-0.00377015902081981 -8.51623951587483e-05
-0.0038275474042511115 1.2951430887861109e-05
-0.003528581700432051 -0.0002377811219804569
-0.003984177386453142 -0.00015794332369781854
-0.003873152065399104 4.006201221488202e-05
-0.0035726355757772976 -0.00023294228582839798
-0.0037827435851738424 -8.072061902732289e-05
-0.003955296667150523 6.473748367217478e-05
-0.0036579335246214864 -0.00022704455802918593
-0.003965159295142476 -0.00019496249339172724
-0.0040543245003990275 7.216535653965507e-05
-0.0036669931437736383 -0.00020715260286760685
-0.003844606506115471 -0.00011215326491562482
-0.004010188643830158 2.9889330404368735e-05
-0.003675801910757971 -0.00022479109288246315
-0.0037839877009589675 -0.00016773468629556885
-0.004050105399824559 3.6591409165948054e-05
-0.0037413531512013225 -0.00018983818268187227
-0.003804470396801685 -0.00014961111567753308
-0.004066487915319999 5.103843128631839e-05
-0.003808383105921468 -0.00018214502612046388
-0.003850386501726848 -0.00014613711906667502
-0.004056014611189328 7.556111892800698e-06
-0.0038213302238302585 -0.00016614463622524408
-0.0038379116357861493 -0.0001474213314608831
-0.0040611066771348734 3.5332740758684345e-05
-0.0038934653339359393 -0.00014767883090570494
-0.0038490376609808283 -0.0001521029384336124
-0.004092015508487588 3.681677320230454e-05
-0.003957471245921875 -0.00011996293640935488
-0.003860276208027822 -0.00015152947331737677
-0.004224446276214488 3.878536468536871e-05
-0.003986537946276388 -0.00011357037973082758
-0.0038501572855920833 -0.0001958077162388238
-0.004353442287087833 -0.00011690622858861263
-0.004051937134401477 -0.00010839426446410291
-0.0038502578889629195 -0.00018210685785736684
-0.004219723193276854 -2.1861159148818635e-05
-0.0042911150322943225 -0.0001636714308944025
-0.004078834966297159 -0.0002909441664741734
-0.004366131888044078 -0.0001364350511678948
-0.004419871109354951 -0.00015390023902105344
-0.0038952182208510768 -0.0002330371315175316
-0.004142032330562779 -7.184351887224114e-05
-0.004201554380329731 -5.632359199175799e-05
-0.0038941887694583337 -0.0002214852574094074
-0.004176815487105444 -6.811991608725395e-05
-0.00429435382510395 -6.5887253299612435e-06
-0.004150126052343849 -0.00032331703454403863
-0.004433557288733618 -0.00020139950457786953
-0.004295786569090608 -2.1697274063575984e-05
-0.004145201553312414 -0.0003210907444708186
-0.004158025959200748 -0.00010916085288085176
-0.004628623650128046 -6.0841242585433047e-05
-0.003952011888709271 -0.00020340716598896483
-0.004460127350268657 -0.00015751521181222707
-0.004209612462415654 0.00019374505224528467
-0.0041841353123730765 -0.0002692838189218248
-0.004431325324904197 -0.00014689070971454066
-0.004485182733997884 0.00017433457332397039
-0.0039948004469707084 -0.00014151431829499393
-0.004524387345640801 -0.00010395620231298176
-0.004760364162068674 0.00036237013768378477
-0.0042815830080939685 1.3165012683018014e-05
-0.004423237451854919 0.00010677978485455151
-0.004795311673096028 0.00038739785829282884
-0.004367644364325434 7.069888722266303e-05
-0.004508089815901069 0.00014957133911416896
-0.004678479511081593 0.0005209444466735551
-0.004468042642254728 0.00011718945811834166
-0.004526134391277236 0.00016798267008992304
-0.004934019778832922 0.0004039317123998173
-0.004500669084665391 0.00014530867180497084
-0.004759703931245944 6.877237271040522e-05
-0.004706966379888578 0.0004980589546359917
-0.004483084561236855 0.00015590319929978071
-0.00453086642957444 0.00016864441010024255
-0.004882572504113635 0.0003871817699256819
-0.004554376217019118 0.00019300714990166704
-0.0045238916136896585 0.0001713708464318935
-0.00466062826879476 0.0005179137100710138
-0.004638664455840785 0.00023757217542282337
-0.0045597296251257595 0.0001777993259606182
-0.005199610848979873 0.00024747300640483717
-0.004709405679551367 0.0002394342859210644
-0.004517303639047065 0.00017096413701025518
-0.005273236495457371 0.00025566217326660796
-0.004756068657416366 0.0002808675719813278
-0.004551537478127429 0.00017160257792741618
-0.005102523443309645 0.0003926963974708123
-0.005095394662882252 0.00018001263131141136
-0.004583053267138863 0.00017850470956088218
-0.005071102567304784 0.00041614190658397616
-0.004863365819083075 0.0003085443285628947
-0.0045799699709266305 0.00018726337433743771
-0.005289106442900337 0.0002355658790857864
-0.005154232797008812 0.00018189074238243995
-0.004834625625153442 9.588608980983026e-05
-0.005280711335145878 0.00024694711620155854
-0.005280956333814436 0.0001788858365322178
-0.004616364624128605 0.0002012987760918989
-0.005276890741353381 0.00026604679299803457
-0.005311436305186532 0.00018044624850923263
-0.004668816814325823 0.00021372767648049468
-0.0053034974265096044 0.00025265464359912213
-0.0050639944157020705 0.00038578640423673474
-0.004966048183742065 0.00012543772187253175
-0.005404041648270978 0.00025028916076839654
-0.005161180211150971 0.00037934084399078447
-0.0050537872969364656 0.0001445970304351331
-0.005503461129026175 0.00027400267175709263
-0.0053231065076760325 0.00040817629766669224
-0.0051424733198244385 0.00017190135648778335
-0.0055314151275259755 0.0002804898326771761
-0.005436775692097819 0.0003894481438758752
-0.005284341639337664 0.0002083665558393399
-0.005412492083822881 0.0004251041903778415
-0.005558275215716493 0.000386383334618379
-0.005197364683958153 0.0003908139789559389
-0.005796687289887191 0.0003506223678780647
-0.005630306483470452 0.0004268512803298208
-0.005625574026258366 0.00030855655385772366
-0.005840092922542356 0.0003418183069084852
-0.005700087871343672 0.0004009818956716442
-0.005785720453871403 0.0003215744482286078
-0.005648952089066101 0.0004848855217827742
-0.005756374498067582 0.00039608803211141927
-0.005591949054378853 0.000468364415866015
-0.005938753770970187 0.00033379621622544675
-0.005678439929583929 -0.0005724551492355383
-0.006145625089090292 -0.0009227053233194688
-0.006343019758785427 -0.0009357334784506272
-0.006070040712163851 -0.0006998836325111964
-0.006224718521060783 -0.0009058503164609126
-0.006124378376987433 -0.0006013910202690379
-0.0057576844335598615 -0.0006731935826105911
-0.006118589698165573 -0.0005582714498903079
-0.005781047052664919 -0.0006039469645276873
-0.005759701135531876 -0.0006998600912270297
-0.006142445461587834 -0.0005548684112787281
-0.005777427676097113 -0.0006033836854774242
-0.005759385775591574 -0.000710781903375414
-0.006351537369571083 -0.000979198253489759
-0.005825348013536821 -0.0006564399051408086
-0.005456207970186548 -0.0003904941821406503
-0.005959357324916503 -0.0005858505491370667
-0.005839503469593613 -0.0006205517980651131
-0.0065520645838214615 -0.0011005621604699117
-0.006009629734101509 -0.000671138446334023
-0.005776008492717082 -0.0006106714617188817
-0.006027433978187046 -0.0007717862809138527
-0.006027374093192705 -0.0006476882512478014
-0.006135727556589856 -0.0005707982321079771
-0.00607797350421962 -0.0007770192843999497
-0.0060702383892427296 -0.0006470173945919909
-0.005833690297681302 -0.0006281477505763921
-0.006071735144889864 -0.0007382059044527621
-0.0061058984382579866 -0.0006776882350569757
-0.005875349481794996 -0.0006116776458784229
-0.006066539291057532 -0.0007650672862388666
-0.0061904597578512095 -0.000653068592507262
-0.005843560746289986 -0.0006417710108539293
-0.006063257409315631 -0.0007592656449167192
-0.006238486347042452 -0.0006994672446398628
-0.005849326118449832 -0.0006480425315939663
-0.006401855936654474 -0.0007100943061508217
-0.006327876261597342 -0.0006733603449679389
-0.005940791934874241 -0.0006469306074103919
-0.006186416691930014 -0.0007586381405254864
-0.006317179978822327 -0.0006956744163029694
-0.005954612358228338 -0.0006485956151101823
-0.006068706771312472 -0.0007553158873823507
-0.00641817657698001 -0.0007110372378381956
-0.005976823001690776 -0.0006470468244076804
-0.006223501837027091 -0.0007387268776361383
-0.006458454190038112 -0.0007341213954766814
-0.0059944481783510495 -0.0006807767900866036
-0.006243269263850069 -0.0007464796055563518
-0.00601951678492734 -0.0002926944298025794
-0.006220937713962285 -0.0005921048434460966
-0.006450316249349639 -0.0007021984229076347
-0.006058386096584327 -0.00030788770805918004
-0.006198856444504472 -0.0006073629076037255
-0.0063888312134630434 -0.0007266555262828218
-0.006093283279921496 -0.00032469684727684707
-0.006274870971074074 -0.0006206310612443919
-0.006456441303861435 -0.0007319208691177146
-0.006146652713966626 -0.00034036121556114626
-0.006290973239530787 -0.0006213145842850966
-0.006542157775026646 -0.0007384958773370817
-0.0062124075483936695 -0.00035603610344419733
-0.006315924022889039 -0.0006701561439581349
-0.006447286585915976 -0.0007340137285896176
-0.006249963687458594 -0.0003535737003988784
-0.006402939397452534 -0.0006568529573990735
-0.0065047148550442324 -0.000746090070953704
-0.006243444881085958 -0.00038230017570056073
-0.006401956271750734 -0.0007073056155848921
-0.00655075746618714 -0.0007677594784094324
-0.00626511144363703 -0.0004052567604274682
-0.006464102264515349 -0.0007159574302870065
-0.006557897564980404 -0.0007471603700819173
-0.00627865639980254 -0.00037832940749665806
-0.0065845559757701875 -0.0006572556961062711
-0.006660716600968712 -0.0006885848614766929
-0.006405072604417163 -0.00031444145122996766
-0.006597133362971136 -0.000673243291132671
-0.006668827183161165 -0.0007271245081762748
-0.006397880498567974 -0.000333273779824854
-0.0066386772073886114 -0.0006582336495435867
-0.006696518939608814 -0.0006877629806895546
-0.007121781723765426 -0.0006957063773308568
-0.007154782286103311 -0.0010430720104902037
-0.0067638488695548555 -0.0007238142397956658
-0.0071107014143480685 -0.0006859795555986754
-0.00685995798691262 -0.0006993420643648451
-0.006736007669813358 -0.0006746852453847853
-0.0071742444552532515 -0.0006915093260368726
-0.006873780230055253 -0.000743375299220489
-0.00675355936063532 -0.0006942321756603543
-0.007491811722526877 -0.0006588613129285038
-0.006946711144485975 -0.00072632023225305
-0.00675227225841998 -0.0007020686361914005
-0.007215370070279645 -0.000713827890562279
-0.0069264949254889616 -0.0007485510833552578
-0.006765877033418865 -0.0007172185455798569
-0.007210634034393861 -0.0007270832466934432
-0.006950337889636791 -0.0007675045468609815
-0.0067798256495788835 -0.0007099248929392614
-0.0072484519771008815 -0.0007158604590461492
-0.006920852217035233 -0.0007597903832790553
-0.007122765855791635 -0.0006565382527936644
-0.007220941887392826 -0.0007239986861997886
-0.006885207599008269 -0.0007867969325516119
-0.006803656155967712 -0.0006785004876305731
-0.007247638359373899 -0.0006929268327638884
-0.006999211210184102 -0.0007745823879095723
-0.0068519835547922285 -0.0006886646055262999
-0.007335218099869372 -0.0007177648851741243
-0.007080666250487721 -0.0007860776971260873
-0.006874778783949545 -0.000699113702157561
-0.0073077057609199055 -0.0007359078692932525
-0.007091518977687589 -0.0008183991735998772
-0.006919055450019274 -0.0007115196100969329
-0.007366092844656305 -0.0007396921132120825
-0.007179574444784889 -0.0007816649701741236
-0.006913505243463066 -0.0007087592057741286
-0.00773444229595812 -0.0010516000773665823
-0.007228861181272038 -0.0008634720859266419
-0.0068846406502978885 -0.00073296819622414
-0.00729293439691085 -0.0007529860124292115
-0.007145308997471651 -0.0008351096916139495
-0.00696545578229436 -0.000720584392102958
-0.007800234896658756 -0.0011059668350799912
-0.007281763737964979 -0.0009086055753347444
-0.006941687989015499 -0.0007575126558733935
-0.007370688678685928 -0.0007799592811728383
-0.007301499567689712 -0.0009018502594218548
-0.006957833833827246 -0.0007487858969018723
-0.007431600109802083 -0.0007736457264881179
-0.00736451821919803 -0.0009165548511090747
-0.007020759274619917 -0.0007699902032800673
-0.007760095456354461 -0.0007879786352533584
-0.007329250844533977 -0.0009813944260086247
-0.007019276607710172 -0.0007926561628493937
-0.007798085786659008 -0.0008124157237045132
-0.007471550345683288 -0.0009812823622597814
-0.007453956190416139 -0.0007959351308163544
-0.00751902008196349 -0.0008805469572887019
-0.007477591875121737 -0.0010163140820055175
-0.007872613989697429 -0.0008606267103951926
-0.007864095340214093 -0.0009907823044911562
-0.007821809590696623 -0.0011191196199034038
-0.007566390585998773 -0.0009421763362988587
-0.007896852250085764 -0.0009952312504822249
-0.007944077580159026 -0.0011485673025964781
-0.007569860292580361 -0.0009691713856900089
-0.008024658589591052 -0.0009946122460993188
-0.007939173718731986 -0.0011590663358279503
-0.00760196132460423 -0.0009971117526914118
-0.008024629461714412 -0.0010254014382980144
-0.008023115086935866 -0.0012014667875492714
-0.007688929564174428 -0.0010051059870997098
-0.008072962349639928 -0.0010625012153582564
-0.008059141681357133 -0.0012542924865587344
-0.007753757470077493 -0.0010394891989452515
-0.008136212236473503 -0.0010848783180964284
-0.008110610963585273 -0.0012817225509629557
-0.007820872844896019 -0.0010777172205978527
-0.008134477602271989 -0.0011296275413445887
-0.008185776913063771 -0.0013506088109471277
-0.007886209719873517 -0.0011669187472761826
-0.008176629445919445 -0.0011949108113356872
-0.008330465384397218 -0.001407377237369618
-0.007950506006686191 -0.0011804446584511433
-0.008345290463197085 -0.0012807959857762201
-0.007602223287051714 -0.0010862111801202834
-0.008045229996138076 -0.0012641670225376153
-0.00844601316019026 -0.0013924576291429467
-0.008557204387458167 -0.0016267132040597803
-0.008175045403360422 -0.0013572368846381704
-0.008428397588379547 -0.0014459128089016754
-0.007688146298782232 -0.0012231015301566296
-0.008162837657065632 -0.0014021821061403156
-0.009034025764798871 -0.0014254067570494485
-0.008190713751575278 -0.0011687037701337702
-0.008261727521230514 -0.001411968403683437
-0.0086275320728561 -0.0015282471417052401
-0.008692991275369573 -0.001757209499044869
-0.008358464216736505 -0.0015231899175523998
-0.008685760895651977 -0.0016033394594918884
-0.007891330605651795 -0.001379966430005443
-0.008367496197849031 -0.0015566909631235474
-0.008661574990550699 -0.0017636990308169229
-0.008358662241203926 -0.0018897490572508582
-0.008355026313187217 -0.0017445648696232663
-0.009139236309070554 -0.0017243738105847952
-0.007878594917997517 -0.0015730211437407307
-0.008425569186231873 -0.0017988416129499046
-0.00872934606744821 -0.001919857875460738
-0.007954353171528688 -0.0016156617336970693
-0.008969403167004125 -0.0021612688390797836
-0.009361101558420702 -0.0019492854426784395
-0.008556757617524526 -0.001611702803563566
-0.008471863626593313 -0.0018615550741288935
-0.008866365740315886 -0.002006853143143458
-0.008051565215372059 -0.0017016327576153813
-0.00907640541688414 -0.0018540789628860865
-0.009380369703784436 -0.0023813221820629103
-0.008057259100734595 -0.0017812043124421347
-0.008568208694546327 -0.00196575505338803
-0.008962319194906561 -0.0020470280795198553
-0.008107725573932552 -0.0017876807856056398
-0.008609588425405969 -0.0019726882656662427
-0.009394718927533985 -0.0020173427884775277
-0.00864259546542665 -0.0017363871712083256
-0.008647403654567839 -0.00199154093395354
-0.009496756239954622 -0.0020234838564012554
-0.008157886427301909 -0.001774756133744871
-0.008648521680136195 -0.0020036382022946128
-0.009038027452153043 -0.0021170004139892053
-0.007567937866852998 -0.0013259290480148894
-0.00869116989227603 -0.00198471610281732
-0.009577364062406609 -0.0020276232117279478
-0.00825205535761403 -0.0017788395011920023
-0.008717947525198477 -0.002006363348414834
-0.009580413711335096 -0.002024652618371437
-0.007708619388729887 -0.001359070938092421
-0.00927270412682107 -0.001947175184285744
-0.009692180436471815 -0.002054434292450881
-0.008312913160571716 -0.0018568456001795592
-0.008798702420657353 -0.0020748798608298236
-0.009687299427850692 -0.0021089342064155845
-0.008229824625579795 -0.0013037331404260712
-0.008766929730765248 -0.0020272878418399606
-0.009165703996423136 -0.002156181581651065
-0.009106839367481457 -0.0018278868427468189
-0.008869651283430187 -0.0020617637308207293
-0.009200843353114515 -0.002203097544101982
-0.008247937023794064 -0.0013417826437165717
-0.00941608405346704 -0.001978481587930061
-0.00930650235996788 -0.00217359519643337
-0.00919822391883863 -0.001795309070121599
-0.00888794415907807 -0.0020563307190503022
-0.009765503719284476 -0.0021170265621207195
-0.008313820754241209 -0.0013554580606018212
-0.008869399824615454 -0.002049017353767598
-0.009853874567957006 -0.002158516091349924
-0.009456253911327981 -0.0024549434500606513
-0.008966191527441407 -0.0021541524388993417
-0.009349387884208762 -0.0022473097339435594
-0.008850853542144129 -0.0019916238380899556
-0.009016764390658499 -0.0021566990454581544
-0.009942942625677563 -0.00220876228298008
-0.009415345121504116 -0.001942645665386451
-0.00956418122549307 -0.0020947170043044395
-0.010063193209042308 -0.0022541838202359723
-0.008873076721590677 -0.0020511037877632404
-0.009591766716280007 -0.002169533599935577
-0.010101812839844477 -0.0023098409713680863
-0.00945367556360144 -0.0020040861260496277
-0.009555382039042427 -0.0023137101708571384
-0.010023008373535 -0.002504754214329261
-0.009994289443992737 -0.0027015260266680507
-0.009573972637361977 -0.0024229809548839505
-0.009465051561573831 -0.002613983044928055
-0.009404839303101037 -0.0028449384358623874
-0.009073821380133585 -0.0025265938088342653
-0.009927558023861402 -0.0025708079428426677
-0.010012936476138119 -0.002737950114088992
-0.00910341132302826 -0.0025468074405041626
-0.009979924456402892 -0.0025830884454508376
-0.009429816494644932 -0.002838296072327795
-0.009114241648379557 -0.002568882796462619
-0.010033726655866508 -0.002597957531399324
-0.010082838150235432 -0.002752248921649966
-0.00914979870803989 -0.002595779071831419
-0.010140065902110588 -0.0026392770202142706
-0.010056996271046248 -0.0027765962610652134
-0.009269760658129327 -0.0026135905896753522
-0.01021661201929709 -0.002666049480680031
-0.00958258917076068 -0.002904837525511379
-0.009794150865939493 -0.0025579638243417063
-0.01028255259105233 -0.00270180643835052
-0.009602418821216686 -0.0029094563721400466
-0.009856868866399547 -0.002623776177311421
-0.010308103448065535 -0.0027175430072098787
-0.010110634747908048 -0.002826547980591017
-0.009343658727853811 -0.0027201807927400914
-0.009667172495309663 -0.002220316719648875
-0.00955344162858398 -0.002872748385150381
-0.009320686538384979 -0.002746955596790379
-0.009193031905233797 -0.0023061546448028053
-0.010071776015713995 -0.002817375560601245
-0.00938615338550863 -0.0027348578901519567
-0.009810011769238108 -0.002878270213484066
-0.010195003627003653 -0.0028489587099080308
-0.009988574891048761 -0.002680256545851124
-0.009816818657908833 -0.0022777637348846288
-0.01016860808868233 -0.0028031333126019436
-0.009500870609177198 -0.0028114503522827013
-0.009906632117188853 -0.0029172667318674243
-0.009634845121992617 -0.002946177273586736
-0.009440731347281815 -0.0027866705226493207
-0.00930170875737375 -0.0023844410929925886
-0.010495972156813744 -0.0030871588599017266
-0.009528815766701546 -0.002832047691497354
-0.009330318819988774 -0.0024023323211946014
-0.009630908102724151 -0.0028854609133624025
-0.009507003385392733 -0.002824548350296674
-0.009887612470053573 -0.002342499524224957
-0.010187293858424947 -0.0028120994375286914
-0.009563811192675086 -0.00285073810509082
-0.010402125153775943 -0.002631783640345346
-0.010216389472239802 -0.002823767483890571
-0.010152835067938874 -0.00275863058261683
-0.010161771383040369 -0.002964487621162044
-0.01025173194684388 -0.0028390773752329074
-0.010236637371172851 -0.002809106402628574
-0.008562244697187284 -0.0019259260100545526
-0.009678196307471095 -0.0029068414686925052
-0.009736367459154868 -0.0029704289119943097
-0.009693415786048442 -0.0025208808174951797
-0.01034693277347237 -0.002882625368248222
-0.010413791366673074 -0.0029226055872373295
-0.009400717025314012 -0.0019247779622773972
-0.01049132720472332 -0.002907473784962233
-0.010000896998303992 -0.003100290620833286
-0.008374526734746401 -0.0016093353339470837
-0.010592622614726111 -0.0029909657884656863
-0.010133691320025487 -0.0031829996177884477
-0.008486317577449509 -0.0016431980616006697
-0.010042556051666327 -0.0031378519619406284
-0.010170393505374548 -0.0033012861302701957
-0.007797977634456404 -0.0017059360664836095
-0.010603867193625502 -0.003133421418846663
-0.00983050191387715 -0.0038545318509894317
-0.0084738784724931 -0.0017174952599277545
-0.010314294182762009 -0.003644738541971734
-0.010008762748878134 -0.0039690443215605236
-0.009546284349533094 -0.0018936931418928131
-0.010489079767270381 -0.0038168310600613163
-0.010228788008978161 -0.004160527299120011
-0.007433007529573982 -0.001256945457527998
-0.010008749890036915 -0.004615764988873592
-0.011173555408425904 -0.00606303392902647
-0.009209824929336809 -0.0030649246442840676
-0.010505270059824988 -0.00511652342683304
-0.012403031146839032 -0.006504312286917719
-0.0082507054271303 -0.001933102136133224
-0.010558752826459083 -0.00503012901952245
-0.01175368515552442 -0.006620425789655173
-0.008171040570404556 -0.0019288326531261097
-0.010539136512750657 -0.00509125770828318
-0.012540421125484851 -0.006791894481431002
-0.008286811183135491 -0.0019785728422468648
-0.01055483761511082 -0.0050090452707567965
-0.01268850252763895 -0.006833694298251633
-0.008384527417358683 -0.0021036609694645428
-0.011495417301672875 -0.005284213233790945
-0.01099532607473775 -0.004788873379034038
-0.007811073970190399 -0.0014036431493323921
-0.011549915878209164 -0.005329075600118451
-0.011038046867506488 -0.0048777527838365035
-0.010948113416321964 -0.004217560640726846
-0.011590115051536376 -0.005995231049051586
-0.011156840149573645 -0.004866607027717728
-0.012120963136233457 -0.005454351994290889
-0.012617830701209401 -0.00668790626102437
-0.011373676047957141 -0.005194751911181589
-0.01119819097021726 -0.004549673588650681
-0.012391869436940437 -0.00636384749470324
-0.01141601354379478 -0.005233965316145431
-0.011239188727375468 -0.004537165193144967
-0.01243145894539106 -0.0063414857352820765
-0.011508022233884712 -0.005270006955692595
-0.011193465300397663 -0.004533102473281538
-0.011637961527429987 -0.006163472593047757
-0.011492672052468705 -0.005253385142896498
-0.011294039662082119 -0.0045581726440865255
-0.012452989823049184 -0.0062708690951992375
-0.011567904685127901 -0.005292173161534201
-0.0112658956217813 -0.004585393268988956
-0.012559415973893772 -0.006342172337811039
-0.0116886100972709 -0.005393422541555993
-0.011248657451403438 -0.004547143573253075
-0.012556785404144817 -0.006355265892479614
-0.011853996002657822 -0.005466432139157756
-0.011303512777997437 -0.004591432753883485
-0.010098156021103357 -0.0025551784912853166
-0.00843260694301073 -0.0008449242385594657
-0.008453860711737538 -0.0005566963041053087
-0.008814859244953266 -0.00190517351861497
-0.008513760308041114 -0.0009064231385975847
-0.008400775380385356 -0.0005483770183265394
-0.008782393427014966 -0.0018457480931760024
-0.008451586345921462 -0.0009004781819856157
-0.0075882881272279195 -0.00046190723243423544
-0.009749033242325976 -0.0019741168299609434
-0.007717561712299267 -0.0007421196341814533
-0.008319294492273139 -0.00047237054689037224
-0.008808195217333508 -0.0017397887390269724
-0.008552582514825015 -0.0007968037122295848
-0.008417136938365755 -0.0004700342154331629
-0.00974034249097415 -0.0019261768924749621
-0.008617155062770143 -0.0008321368114456606
-0.008387239700801399 -0.000459528077291278
-0.0097316208920222 -0.001885825095318336
-0.010289080307866702 -0.002537533716488135
-0.008578542364202767 -0.0006379943916640765
-0.00980075878974313 -0.0018040862231002103
-0.010479004248156752 -0.00259985257315677
-0.008586048955048905 -0.0006450380236297422
-0.011132821879894636 -0.0031659814406404777
-0.010661112722154071 -0.002946197600062822
-0.008541251622657722 -0.0005734924886017564
-0.00978583582455196 -0.0017444569161004155
-0.009489328447275125 -0.0019022006653521709
-0.00849084670316499 -0.0006862484122823705
-0.008322565688849445 -0.00040854153671585774
-0.009118541130006066 -0.0014670282217044068
-0.008531790320484131 -0.0006892598303376046
-0.008354687894345085 -0.0003904047951377811
-0.010014032594357474 -0.002029594731492218
-0.007644935248786434 -0.0005571265721451197
-0.00964234892028983 -0.0015775693544200391
-0.007936367228266128 -0.000440145605945038
-0.008484949645874738 -0.0004932880989323365
-0.008430653820939563 -0.00044623874399326744
-0.009216709595389031 -0.0014292134288711482
-0.010228672173889909 -0.0022485993990901507
-0.008508506770703948 -0.0005495724849598489
-0.007622146748411991 -8.12462277393248e-05
-0.009822786732416275 -0.0018567227659742997
-0.010077029742764263 -0.002038322547860082
-0.007860625085928384 -0.00031010490372389895
-0.00965328553609599 -0.0016977788686334588
-0.009954225673417754 -0.0019220802276496852
-0.0070057090639688915 0.0005010897396192402
-0.009656583411005481 -0.0016023197360303073
-0.009972772624900527 -0.0019110803191398533
-0.009397259534275022 -0.0016295229967959123
-0.009943509917310848 -0.001986205081202793
-0.009918586031309634 -0.0018171049264437992
-0.008021298067530705 -7.136716316142439e-05
-0.009524435082276787 -0.0012706891207904106
-0.00979179769725731 -0.0013805131616370877
-0.008052229009291716 -5.8664373588732716e-05
-0.009530507008293871 -0.0012892646494357363
-0.009820664509377514 -0.001360584776811954
-0.00914955795564766 -0.0010918579828134347
-0.009701219732137459 -0.001427338645013631
-0.009689147517286908 -0.001105033778280758
-0.008031219381171696 9.979561336875916e-05
-0.0094955444783355 -0.0010657938546527912
-0.010977709070673341 -0.0024023120342128493
-0.009365334177523072 -0.0011847025243642926
-0.009563982112821 -0.0011103953319880338
-0.00873966766081108 -7.306614120897932e-05
-0.008029959149926758 0.00024049016134801348
-0.009557175585321478 -0.0010498521916407855
-0.011042260500226006 -0.0023341943709838243
-0.008247839435334388 -7.47005218779398e-05
-0.009414165465457827 -0.0009637849298691553
-0.0087316239860245 -0.00010708076855504667
-0.007225101062516278 0.0009031061287505368
-0.0094133143424225 -0.0008960538113263154
-0.009992676608024142 -0.0011977353254392223
-0.007220847219599911 0.0008092075389945053
-0.00937690248352658 -0.0008373274184722273
-0.008767003377161074 -0.00010181735250009768
-0.009927725476559368 -0.0011739136214975923
-0.009607824936598584 -0.001100079668526705
-0.010037961007033594 -0.0011118890103705551
-0.01008546769636839 -0.0013852738269512618
-0.009579454322861036 -0.0010677971305922704
-0.008882345058179465 -0.00010289214855848
-0.010042456629595421 -0.0011957126942703906
-0.00962695335365064 -0.001099849983944011
-0.00885648470264006 -0.00012553988468433824
-0.008808863895284132 -0.00015917459941729417
-0.009469741336508634 -0.0009051613007528131
-0.010101271728433486 -0.0012912073477535945
-0.008846138165273262 -0.00031288138341947075
-0.009476361576639362 -0.0009094521205444953
-0.008972445309214604 -0.00017072812206843856
-0.00991647221729621 -0.0012017409511779482
-0.009638849797252212 -0.0011196635025055171
-0.008936772362835202 -0.0001570651676188993
-0.00882269797175665 -0.00017703735541225007
-0.0095078522115675 -0.0009207339379464218
-0.01014266157494833 -0.0012568945862509986
-0.010000489152029475 -0.0013841789465272928
-0.00959542455442907 -0.0010602469421472506
-0.01012795957521052 -0.001179589068526173
-0.009993868670772227 -0.001344803098162155
-0.009557129452615542 -0.0010481413268625158
-0.010141588802681172 -0.001134945627264914
-0.009991829177429936 -0.0013373918375579855
-0.009572672518736003 -0.0010770265669851485
-0.010233402309682293 -0.0011916540092480772
-0.008852514712588916 -0.0003385106400076952
-0.009484158592644322 -0.0008748459583240815
-0.009087721871874403 -0.00020424055371891586
-0.008845340866097768 -0.00023730356813659722
-0.010618423550034383 -0.0019163014028603677
-0.010413696926854742 -0.0014887969015645625
-0.009986160014156817 -0.0012453557156767616
-0.00963133240175302 -0.001055034963392775
-0.009164429983304134 -0.00018354983876477256
-0.009944437297285696 -0.0011123404968182628
-0.009663736081457234 -0.001087957748852788
-0.009225253528856184 -0.00018891319467487125
-0.009942569712583633 -0.0010916011395123468
-0.009716432807283938 -0.0010752124402121056
-0.009207663616588464 -0.00020200240501013915
-0.008906786644679275 -0.0002254155628505672
-0.008908216124838367 -0.0002264400970199949
-0.009220939296387272 -0.00010516768877805998
-0.008961283770366375 -0.00019528831689792945
-0.009682446760557377 -0.000916598132571599
-0.010492549505300488 -0.0012561773701993898
-0.009000398566792068 -0.0003034424906148252
-0.008915302464437641 -0.0001490864534740336
-0.009225619546780084 -6.773810129566857e-05
-0.008974156041620262 -0.00018173790169046222
-0.008918800280311796 -0.00017836875861342908
-0.009228622344607683 -2.3963972557096673e-05
-0.008899054492652726 -0.00013790927036605035
-0.008934929325437165 -0.00012794090544465745
-0.010398892921433435 -0.0009764298974930141
-0.008926081695173671 -0.00021360355280298368
-0.009724971913558231 -0.0008330045639196504
-0.00938437620161539 -0.00010543190804952579
-0.008910866477249186 -9.889750338809135e-05
-0.008903840494586642 -9.860677921377354e-05
-0.010422222268677379 -0.0009508412342381562
-0.00893503038598824 -0.00022538644792624034
-0.008879862320536254 -8.084563857775792e-05
-0.010434362446507034 -0.0009146579326131096
-0.008936544770660713 -0.0001952409033608291
-0.008925694734359536 -5.9556039123477424e-05
-0.00856947524560142 0.0005297214805499386
-0.008867010126733889 -0.00011807694216579457
-0.008961664358621451 -6.989839307303538e-05
-0.0085093997376896 0.0005074709368004058
-0.00885795702725556 -0.0001601725149619175
-0.009854235497124064 -0.0008583147910762779
-0.008669850803744092 0.0003456880015983711
-0.008904340900164561 -0.00015563645405504626
-0.009009267319252461 -0.00012644752188162645
-0.008565189326129872 0.0004599449100625606
-0.009807937993714759 -0.000944344623277496
-0.009975932946743992 -0.001104874362580664
-0.00862287293625116 0.00040990561410769526
-0.009713868657052548 -0.0008790909631109747
-0.009049527342462083 -0.0002395979124493997
-0.008553254197379264 0.0005362114516935048
-0.00979297995796806 -0.000853963311608747
-0.010002788885423013 -0.0009680923500546713
-0.008636055637959533 0.0004764654661566743
-0.009815050112545631 -0.000819361564432636
-0.009170174398704364 -0.00019725090192711817
-0.008683873774294663 0.0005793388001236203
-0.009882746601580197 -0.0008862061585255967
-0.010130802886864078 -0.0009836073397602278
-0.010729482978785428 -0.0010473547692985891
-0.010026877328809535 -0.0009431789186477676
-0.01013168837479162 -0.0009455812965461589
-0.008736662404826746 0.00047638594752602776
-0.010011704838581766 -0.0008828751841679537
-0.010183695551499002 -0.0009849674597184875
-0.008777880766460041 0.00047301959898989526
-0.010809492877885303 -0.0016341720143919684
-0.010374671649165085 -0.0012249212278339463
-0.010807865622584664 -0.0009909481251466378
-0.010987940301108366 -0.0017293380563408636
-0.010393355924808839 -0.0012036114064800179
-0.00887454099376993 0.0005056186987109634
-0.010906070608165976 -0.0016040847024687411
-0.010490520336586108 -0.001196079006187667
-0.01079335443481022 -0.0009750132854833707
-0.010283991413662659 -0.0010013397889066333
-0.01041392524339988 -0.0010324666441336727
-0.010747132199309383 -0.000980031373936174
-0.01100780228353699 -0.0016743605642019891
-0.009674196153650094 -0.0004166625316841348
-0.010646734660330398 -0.0007922328543166612
-0.011059378125826068 -0.0016895941294754581
-0.010547602375319808 -0.0012213893123392884
-0.010841800490991631 -0.0009626361984831324
-0.010360042799177408 -0.00098021111150373
-0.009745480018818429 -0.0002956662337297473
-0.010709462089978184 -0.0008243760813682083
-0.010396426821688834 -0.0010285014084516397
-0.010515520935750141 -0.0010428535515702112
-0.01078634628786935 -0.0009644853556164448
-0.010956779596336182 -0.0015323185247597092
-0.01060864336943349 -0.0011715952394757436
-0.010684720477473588 -0.0008969396953074042
-0.011039713474746282 -0.0015636009255986366
-0.010602922163895103 -0.0011846723928004255
-0.010745024678170413 -0.000863582374969819
-0.010386888838217081 -0.0009349145239194129
-0.01058939499707443 -0.0010121491100361483
-0.009943429097873501 -0.00026372318452221695
-0.010894382918959857 -0.0013651403141549012
-0.010700564976884075 -0.0012773627411997474
-0.010826733662173956 -0.0008837339445521297
-0.011122270503824498 -0.0015157059191449665
-0.010723289227258247 -0.0011840945458277514
-0.01076499866475082 -0.0008346493105070683
-0.011059145191753456 -0.0014529321772311652
-0.010764194861887115 -0.0011486581471007637
-0.010739650049413971 -0.0008219833537915883
-0.010493706314011407 -0.0008740799892181863
-0.010672014798512122 -0.0009421890547876548
-0.010819848354740147 -0.0008477407048338229
-0.010457529788979384 -0.0008803994885449018
-0.010686212724506934 -0.0009435214115405396
-0.010731769831632305 -0.0008140026713361185
-0.01049184687356552 -0.0008274109465284567
-0.010704093925261749 -0.0010174126724548306
-0.010674815413376332 -0.0007735007645747497
-0.011078612479659949 -0.0012310035669717114
-0.010793945982326872 -0.001200117679691217
-0.010725708497907117 -0.0006713821866985042
-0.010441129791234245 -0.0008550405434879638
-0.010735183395941362 -0.0009629839777380728
-0.010660354935801981 -0.0007512565893143917
-0.011008630765641814 -0.0012542856309788698
-0.009871943829687108 -0.00040461734284859307
-0.009899399325284058 8.544320420443358e-05
-0.010305462012142247 8.836697819825414e-05
-0.011956502278288827 0.0025741477676518615
-0.011654686685430857 0.007315859451980503
-0.01752698653218141 0.0105006037109103
-0.020425865020808957 0.016710524410453335
-0.023873972413241525 0.022732294373993257
-0.029714925405260915 0.029792705312917434
-0.03674286413934633 0.03648913222490003
-0.043038755189088534 0.04314497983998625
-0.04692061307005722 0.049723345003795785
-0.04998750225944308 0.05621956392889341
-0.05548653601462628 0.06560505352775091
-0.06037272771078559 0.07217991354828637
-0.06400395791225424 0.07884511759185786
-0.06520507666812195 0.08407018336808454
-0.06648595579366925 0.08712898514832408
-0.06574814300582665 0.09122413314434592
-0.06763168019710801 0.09230022982836174
-0.07060627249963863 0.09427085601957336
-0.07503108967643383 0.09765451279147287
-0.07874964195999591 0.1001946298758399
-0.08134738719647494 0.10347450675119177
-0.08049071475573025 0.09264291195187986
-0.08045921287436314 0.09470091165943652
-0.08068565691710508 0.09966920029674942
-0.07975811162036275 0.1035874067589094
-0.077862526327133 0.10564861581051949
-0.07542979819777229 0.11097727636678162
-0.07727057753563854 0.1187028559411469
-0.08028620021099511 0.12728725490566112
-0.08244953906115968 0.13577433403745343
-0.0847218394328332 0.14511943581505068
-0.0854894043022695 0.15564006803816186
-0.0848157486767631 0.166844416493798
-0.08613445560004994 0.17751860897379002
-0.08746190953753341 0.1884793728420606
-0.09302470437393598 0.1970906832154924
-0.09424048506436336 0.20596094803175768
-0.09872917764665348 0.2122291284631215
-0.10110821654747752 0.21646050360550226
-0.10408044399194213 0.21780506508262962
-0.10505330329003298 0.21832520083364912
-0.10550276984619326 0.21691533636506355
-0.10603295231443619 0.21233788012381846
-0.10678090636755902 0.20622311892228137
-0.10872016806215781 0.20040319174319632
-0.11058734527928442 0.19574421714899898
-0.11282052816270488 0.19260079912715522
-0.11303997800920064 0.19108055520977474
-0.11332233800972394 0.18996694654165086
-0.11493275234073191 0.19053173236747775
-0.1178253050179376 0.19082481546289112
-0.122629382903015 0.18816809652135635
-0.1283432455236453 0.18203370706334587
-0.1344574037445939 0.17506931252894067
-0.13832193114371497 0.16940848167387432
-0.14170818842400823 0.16444310539166312
-0.14314186878294927 0.15860060468165504
-0.1404862410494548 0.15458774162999095
-0.13650150300778893 0.1514033664272591
-0.1334374248296399 0.14925886955617762
-0.1316458330432279 0.1482132902494188
-0.12980447959133384 0.14456111421614282
-0.12693399620584478 0.1400770119581459
-0.12166424638367754 0.134165665391763
-0.11687024742415629 0.1274217808077178
-0.11305326912221308 0.1195320183857673
-0.10875184428147185 0.11204522627178493
-0.10502519172576455 0.10329875474839764
-0.10166682236999629 0.09253813157937932
-0.09803200401355039 0.08018276389803466
-0.09429071365252771 0.06793348215141076
-0.09124643922816775 0.055938786248559094
-0.08817164770710939 0.04509219813236574
-0.0863734328559835 0.03565229969877502
-0.08487071712826308 0.026857098035668464
-0.08439032999591109 0.01896294899511604
-0.08539984928775515 0.013550109303471003
-0.08485751263053906 0.008517314321946134
-0.08401912595768826 0.00749270922212622
-0.08270459259649945 0.006951734701120316
-0.08108881821750225 0.006289462782855956
-0.0796320286181085 0.006787399355126705
-0.07846878868234021 0.006302966722105695
-0.07673606084703366 0.006311545406575532
-0.07573438477642563 0.007642885988591704
-0.07575640842996505 0.008908914169872013
-0.07626390173913022 0.009258464089767333
-0.07636946426728694 0.009849766988430314
-0.07561855492213541 0.011562174117578376
-0.07450002170183989 0.012335760265495942
-0.07479560068221194 0.015872704820589247
-0.0749511669452262 0.01896523293877695
-0.07549659068855806 0.022011102055184265
-0.07519664205077696 0.01946103518980932
-0.07595240489256042 0.01755269998735264
-0.0767967169779128 0.016056375377800386
-0.07709309137639495 0.015031036850236337
-0.07696791140967128 0.014303162113823096
-0.07751776784114378 0.015011255001802589
-0.0777937902254245 0.01728109749591178
-0.07736611270578223 0.021051590088092778
-0.07621273419882857 0.025399124427332356
-0.07515334900301893 0.029825287998545315
-0.07423547256474268 0.03367529883575335
-0.07432153132580746 0.036627524241593844
-0.07563794595009514 0.038745767353528575
-0.0770228799160961 0.039989472920424575
-0.07747039019038843 0.03993798467511628
-0.08112234132286184 0.03804126884026569
-0.08487980793795258 0.03503786941062748
-0.08947448794205848 0.030553878650194675
-0.09526337611747245 0.026582709104718456
-0.10065344317951393 0.024899158027890934
-0.10709076330790349 0.026681438236218703
-0.11390787162247946 0.0294532497952702
-0.1214959475180453 0.0295929498237661
-0.12986232340115 0.02695437641744782
-0.13737111843287655 0.028566788336259162
-0.14253194347519632 0.03145618836847251
-0.15002105634485896 0.030243136572514834
-0.15396048864600598 0.03492992845031804
-0.15759977263942787 0.04139007681662995
-0.15892217137561362 0.04969146345311166
-0.16193901495045043 0.05961304169557871
-0.16698192004039064 0.06750069732388432
-0.17237670157001722 0.07309001867098673
-0.17798170124242035 0.07811311420840664
-0.18286103889891306 0.08357589796431453
-0.188251447308555 0.08910761327813406
-0.19333844934776268 0.09527335714557833
-0.1992180858585464 0.1028845068786843
-0.2066670769414377 0.11168314494126586
-0.21366163054635737 0.12446038854466909
-0.21802100065538904 0.13861707372916401
-0.22073132051236857 0.15264198495102999
-0.2220766433556982 0.1708282729302341
-0.2240349173037915 0.19196198065304376
-0.22671916221376784 0.21594846449670774
-0.2307788809210164 0.24152089560859086
-0.2354446364748338 0.2684215347351488
-0.23996534908221645 0.29647529256692357
-0.24473288232355536 0.32424937781494134
-0.24916038214203312 0.35131680757110695
-0.2539336920843286 0.377188614419416
-0.25809537173465474 0.4019163989198766
-0.2615912681047764 0.424773891077762
-0.26598091798023205 0.4427963722030257
-0.2688946342372122 0.4562450260660793
-0.2699528001286715 0.4670442234902722
-0.2695012191042967 0.47696020839882525
-0.2689215630347229 0.4856496563423275
-0.2682294473389668 0.4940576379540003
-0.266310163201526 0.501878377506351
-0.2653090142260876 0.5090616422309951
-0.26499695228048803 0.5171918911851335
-0.2668789359124709 0.5257230318578188
-0.2690597248645845 0.5374583264509937
-0.2713570010211682 0.5507269410156144
-0.27354789198803303 0.5660732607407168
-0.27525323531781926 0.5816009657522083
-0.2767839012878536 0.5975760782154387
-0.2773600794582398 0.6109792375713216
-0.2777495279520896 0.6236585855168041
-0.27689048910654984 0.6324595300898195
-0.2751018749992144 0.6405318451568042
-0.27334403633893944 0.6468749327355523
-0.2704686380863744 0.6502391152217366
-0.26730592577517 0.6530832905139986
-0.26434544467169535 0.6585304668695123
-0.26088284577032633 0.6622599306047107
-0.2584820669106076 0.662597829442173
-0.2558512593656219 0.6633877105013511
-0.25316691659801926 0.6616740634746515
-0.2510256216482738 0.6609509277381589
-0.2499163490596158 0.6614961931549946
-0.24830676045290337 0.6616323766638831
-0.24709993332350402 0.6621820465857845
-0.24742799288670758 0.6640680495805728
-0.2482540273834153 0.6654425467747347
-0.2501616093978231 0.6653822064156445
-0.25065868779312855 0.6675289985542022
-0.2504319573509767 0.6676516242438619
-0.2502399413557917 0.6675181927632149
-0.2500381456788899 0.6673664567125438
-0.24966212292063505 0.6667974723242707
-0.24932415607412162 0.665684274378374
-0.24910749909568536 0.6649189000177979
-0.24851186386431634 0.6646833788591461
-0.2497654274870948 0.6659707526258708
-0.250762413394625 0.6669427563090653
-0.2515053786884538 0.6672987895200322
-0.2519908826969745 0.6667479981994361
-0.25235861930182335 0.6659886661713181
-0.2523960448774294 0.6652728212335041
-0.2522460042044631 0.6645785817069131
-0.2526963905760745 0.6639509619986761
-0.25315539970964285 0.6633198293562039
-0.25348906268752786 0.6621666140202314
-0.25363898962444353 0.6608772623688773
-0.2536212969590112 0.6594993361218411
-0.25394415043131807 0.65813431300452
-0.25449053316511205 0.6566522649090242
-0.2543823491349762 0.6557413574549964
-0.25391873197285 0.6558971197459761
-0.2548976960353091 0.6563018846568868
-0.2559612142037764 0.6565797193143101
-0.25770524415616947 0.6566245858872961
-0.2596896704238056 0.6568266849243192
-0.2612559298320524 0.6577028891445693
-0.26147224320657086 0.6571103208013347
-0.2617858016530849 0.6568359362108076
-0.2622652019246713 0.6572285416770123
-0.2628212053758258 0.6576740235572095
-0.2640404037437081 0.65700563009738
-0.26546178931707065 0.6574583563424777
-0.26480625846712125 0.6560969022085521
-0.2650263599849244 0.6552513944945959
-0.2651348977844319 0.655172014735529
-0.2653083374679192 0.6556753050254419
-0.2656321986084758 0.6563260213766526
-0.2656004892098282 0.6562670187237665
-0.2651202406497246 0.6562186957383572
-0.2650926806001547 0.6566474431392899
-0.26450682294327055 0.6572577560218065
-0.2639862054818857 0.6574233861283327
-0.2636196282008686 0.6578465690342905
-0.2632821774035228 0.6584246624602741
-0.26278036439338665 0.6601656799373987
-0.2620516656687201 0.6603271718773722
-0.2617418423355058 0.6598689361992055
-0.261074185053483 0.6599566969300531
-0.26081318770344636 0.6606617862525781
-0.26022354372949724 0.6612313241430046
-0.2591646929842007 0.6613284317130751
-0.2584827173537347 0.6615472842387844
-0.2580336453508341 0.6619943046539893
-0.2573357658132935 0.6622140866622453
-0.25693194520910245 0.6625436270163243
-0.25685784613677615 0.6627957916907231
-0.2564170547679875 0.6628461566974861
-0.2564598030370141 0.662721816440987
-0.25649356279301694 0.6624983210242189
-0.256540753252065 0.662040780401141
-0.25730054733412716 0.6617240752417297
-0.258094021181329 0.6614967576620575
-0.2586668179996546 0.6610320248802012
-0.25964779247836134 0.6609351573372358
-0.2603405002035412 0.6606781857321152
-0.2602430028153856 0.6598924086681701
-0.26029674853231866 0.6591373342114668
-0.26009767114556553 0.6580852232959842
-0.2594032158503858 0.6567754602134697
-0.25965744445180267 0.6561271593262689
-0.26016661542279057 0.6561524835445585
-0.2601987462440382 0.6561156804384183
-0.26051812415366804 0.6559613773452198
-0.26105683056260226 0.6558096000498059
-0.26158627737034346 0.6573683852551393
-0.2619235792379195 0.6598957647161396
-0.26493394178420027 0.6648379990157497
-0.26906824512985206 0.6704712225081223
-0.27491637800183283 0.6814629308025857
-0.2822435508981764 0.6953535019042303
-0.2902302506028546 0.713828243531276
-0.29748113043085006 0.7364143610467946
-0.3059235711499234 0.7630307830768481
-0.3160452903038766 0.7920090819276796
-0.3259847921173731 0.8223464834570975
-0.335519235912848 0.8533947629751913
-0.3439993325204606 0.8843062691684738
-0.3518440923511055 0.9144435926038212
-0.3579280719473536 0.9430413389429424
-0.36190951139094707 0.9698614945651447
-0.36261755892834746 0.9955194191289296
-0.36119521901555307 1.0211753015699854
-0.3579036227587385 1.047050245984214
-0.353146787969532 1.0735984920648305
-0.3475369459651527 1.1012537092703096
-0.34165791003509643 1.1288207950749563
-0.3349844586128018 1.1554444637526624
-0.32840514603467763 1.1812942914966398
-0.3225063527091989 1.204647404013642
-0.317360752797265 1.2248054508191173
-0.31276756977511205 1.2441625990863223
-0.3085409775483575 1.2617383098794568
-0.30589750349864864 1.279488392627418
-0.3057272969997877 1.2980139308443683
-0.30539990300347175 1.3160423133263675
-0.30646835206523765 1.3344327533678884
-0.3079507223479314 1.351281697736115
-0.3085554847206578 1.365827619580421
-0.30872813175739977 1.3773586615227336
-0.3096429431481338 1.3856166418457625
-0.3093770321352848 1.390601086807776
-0.30718062272809715 1.3930137529596944
-0.30497426506469943 1.3943270023785195
-0.30085322405902276 1.394372751648848
-0.2971610265463372 1.3936155914683952
-0.2957250450448641 1.3925745360615607
-0.2931611420511792 1.3903066962925488
-0.2913341169327873 1.3872493195142792
-0.29058126261630984 1.3836329307535868
-0.2904707220212094 1.3794976075501018
-0.2907813260515249 1.3755476511841518
-0.29189648873963714 1.3711577483506745
-0.29269283084738784 1.3668581784242495
-0.29347802729202827 1.3622693114584083
-0.29503050334243414 1.3580414708859334
-0.29648021918242556 1.3532197381356488
-0.2968165383187115 1.3481063822405674
-0.2974225935559279 1.343609135687967
-0.2976301887274694 1.339523946880552
-0.29714479586589093 1.335051495388621
-0.2971529255528916 1.3304826697990657
-0.29659243652609324 1.3260054273103747
-0.2955004013833561 1.3216999556758118
-0.29511127811301746 1.3178532895526964
-0.2946107391645187 1.3151105937806762
-0.293377225512174 1.313100102854787
-0.2929314467394439 1.3115791315606713
-0.2924849599466113 1.310761332432693
-0.2920148540931006 1.3102179426344147
-0.2926132798464715 1.309680601466037
-0.29319973503479163 1.3091440555190572
-0.293052646141743 1.3085810034144854
-0.29384520772740863 1.3082884863667634
-0.29475979563945576 1.3082750590473082
-0.29480559615742746 1.3080576484639312
-0.29546062661947176 1.3082230841839935
-0.29645530074299464 1.308359032031391
-0.29656164299007964 1.3082855121550683
-0.29723290551837567 1.3083178921818464
-0.2978817117565704 1.3077078757850442
-0.2971397404474749 1.3075574674955246
-0.2971863950776769 1.3077244830862251
-0.29725746730906594 1.30768827664167
-0.29664135283194804 1.3076376218476033
-0.296668716929657 1.307714273124392
-0.2967526492197267 1.3076559888146262
-0.2960401208408397 1.3077084880374785
-0.2956482549065636 1.3081571307004454
-0.2958594294151287 1.3086916247675118
-0.2951461131088889 1.3089992771810617
-0.29458137346342395 1.3088748883570862
-0.29437760257673073 1.3086284526800287
-0.2939450377447076 1.308585580316922
-0.2936239844500272 1.308609531493247
-0.2938338306876572 1.3084688249900491
-0.2943163720288913 1.308173034796557
-0.29454202276560293 1.3078661615240519
-0.2946957964816747 1.307470284890671
-0.2950848775562091 1.3072836846277314
-0.2962594582507211 1.3077119953936618
-0.29669496295057846 1.3073526190474332
-0.2966640852155305 1.3070420714894317
-0.29637199341791914 1.3068063330714683
-0.29645987769129817 1.306599584199311
-0.296633025997579 1.3065499352778522
-0.296759303148184 1.306401064133501
-0.2971318395854513 1.3060585174393102
-0.2974157141184258 1.305783170957125
-0.29778836466231123 1.3058192912237807
-0.29791126275644925 1.3054581769575728
-0.29791692551380766 1.305083844894168
-0.29775178294421406 1.3047092561911844
-0.2981752167003251 1.3041801709083445
-0.2984516378611426 1.304077331027451
-0.2990681933933452 1.3039902711726297
-0.29962079670977065 1.3032058678559373
-0.3003528335106409 1.3027207538063001
-0.301078738264342 1.3028057475721753
-0.3017122705383088 1.3023021200190001
-0.3022403422763448 1.301728733163785
-0.3027051129281738 1.3013989648352244
-0.3035465811351884 1.3009652025616452
-0.3041212486469748 1.3009320707631324
-0.30427134046884974 1.3010635333070877
-0.30483060438759924 1.3010201408059827
-0.3049807589496666 1.3010732810759416
-0.30460432309875984 1.301176288089059
-0.30461030221460494 1.3009521163988325
-0.30440751560122736 1.3006566770892005
-0.30361586178525185 1.300780530653164
-0.30310938058335096 1.3005100106678738
-0.3023527744577735 1.3000556045611042
-0.3010361766844265 1.2997030491022925
-0.2997181925049345 1.2988173386022057
-0.29790017497824767 1.297191216478173
-0.29495210447393044 1.2955760186400815
-0.2917836840703012 1.2941598141595296
-0.2889423308151043 1.2940974598230577
-0.28605965904393815 1.2967348196075927
-0.2840601187483519 1.3010808758649257
-0.28346335956246344 1.3094199290915944
-0.28367818822491236 1.3209725218243649
-0.2843043456996672 1.3353250922480004
-0.28551444531315406 1.352698498911342
-0.28762880716024736 1.3730777153003548
-0.2902711842630573 1.395665598286268
-0.2929481115357435 1.4202215943717853
-0.2954037691398522 1.4453317965999195
-0.2982376727796663 1.4707210836050424
-0.30173216156136234 1.4964920327691495
-0.3058314380584773 1.5231246406392944
-0.30973056473304944 1.5500515074307561
-0.31346151531776645 1.5772920977043146
-0.3167555766093855 1.6044418321951808
-0.31877989437440746 1.631587049390038
-0.32008936409913763 1.65746768333365
-0.3204333919786585 1.6816228754800795
-0.31976453719498543 1.705108234297159
-0.31890298558552205 1.7273410692371507
-0.3179152839788677 1.7490119726665707
-0.31602152733475264 1.7700899839436945
-0.31316550792708564 1.7904521429850215
-0.3093117287218416 1.8112432072864486
-0.3047423439701734 1.832681014084625
-0.29940804019318606 1.8549012329241816
-0.292839716660633 1.8772181229750546
-0.2844723667344855 1.8993384850164698
-0.2753488317307984 1.9212500240818977
-0.2665486364143383 1.9423766975865142
-0.2579658738151417 1.9605397718222404
-0.2518375637271194 1.976336509705396
-0.24732753688906878 1.9911054555588648
-0.2427308221615347 2.003233746894873
-0.23942979064510567 2.0147670199407672
-0.23789032017713824 2.0271326457232166
-0.23725184262406163 2.039397708195886
-0.2364745482424718 2.051231596594143
-0.23573234161244833 2.0616627801454612
-0.23482635513925176 2.071088687469697
-0.2340158784361711 2.0797138816338347
-0.23303156697556643 2.086748988700638
-0.2312915589411479 2.092501981018907
-0.229668926068389 2.0967714162366677
-0.22667093502755725 2.099787649535534
-0.22441420799672468 2.1007519208687415
-0.22153166087979542 2.101945846201539
-0.21848984895948775 2.1024247214634815
-0.21606663270064616 2.1023410419558415
-0.21412667921149986 2.1021466951881385
-0.21256471783649764 2.10212221917534
-0.21130081844578208 2.101548201476344
-0.20981433494569823 2.1006473583796947
-0.2090693840411569 2.0996429141961177
-0.20899487374640774 2.098678226791524
-0.2085501749241557 2.097841089576345
-0.2081575406677921 2.0961832444363346
-0.2085216602691749 2.094598130816269
-0.20886425137908426 2.0935422715552217
-0.2090257207047012 2.092490160926415
-0.20966529295236358 2.091148417655108
-0.2101124401815666 2.0899340628646903
-0.21061444104654253 2.0890778514959663
-0.21159604331353776 2.0887138515395147
-0.2131007542604086 2.087749315111181
-0.21365891856294467 2.0871506960259456
-0.2146530108830893 2.0866464771075965
-0.21586265371487082 2.0862952799993364
-0.21722740774977461 2.085433039453776
-0.2189043495908445 2.0848186623669083
-0.22004980348463762 2.085055966951573
-0.22142159938132905 2.0853826724481532
-0.22256923168482706 2.085880364559982
-0.2233814058008178 2.087066372483765
-0.2242926658746515 2.0886458284820377
-0.22544119651620362 2.0908085382321184
-0.2265859085252724 2.092830680885165
-0.22781970745721028 2.0949450353042063
-0.22883299444750266 2.0961010878833766
-0.22965574955130136 2.0969288052274737
-0.2302313155201015 2.0977005738846586
-0.230607132433732 2.0976967134653424
-0.23053799797610208 2.097866509541729
-0.23012970454179643 2.097270333055801
-0.23051072588601218 2.096782842723736
-0.23107904369701543 2.0961365215913657
-0.23186579688342945 2.0953812665990967
-0.23240705189345576 2.0953872900319115
-0.23294803961484384 2.0959093622150062
-0.23390115949091886 2.09625401649252
-0.23471787813123246 2.097255655667189
-0.23542737494312171 2.0987649171296194
-0.2360830323032599 2.099455788595163
-0.23695046524415833 2.100005088379224
-0.23753533076744263 2.1015651062228224
-0.23824292277598152 2.102355824698089
-0.2389099657016653 2.1045522836707344
-0.23949620379251613 2.1066558988754576
-0.2398985435363022 2.107695052816088
-0.23986623130788126 2.108841101075665
-0.23957534916187256 2.1097497446656903
-0.2400124471107738 2.1111154576164908
-0.2410102273846947 2.1119534156332436
-0.24109037176998174 2.1135550866066284
-0.2404512345145891 2.1141006718035613
-0.23971894448438097 2.114484637827103
-0.23934846979898844 2.114856508299527
-0.23851930796891485 2.1156172928011006
-0.23783079679877514 2.1149214420032707
-0.23738602773575251 2.1144607395421353
-0.2373289430332556 2.114185811926557
-0.2370781532659499 2.1135601322063766
-0.2368557837510609 2.113773498455973
-0.23655371438029782 2.1136470894294246
-0.23734155211887023 2.112823344605562
-0.23689483299036276 2.113919237450842
-0.2365653636187081 2.113866640995985
-0.23664505491967752 2.1145026150958888
-0.23669100099296198 2.1148754271911074
-0.23704255863015578 2.115230763595933
-0.23759875166114 2.115898878690964
-0.2386557085524024 2.117167531015445
-0.2394452284733517 2.11848295025641
-0.23990567363937132 2.1198218005061995
-0.24005982468370718 2.120550338890777
-0.2404881580724723 2.1209235936259354
-0.24039604233342277 2.1205812921697658
-0.24049192544744696 2.120162918945082
-0.2403389603337143 2.119413471854075
-0.23993669520631875 2.1178946018053986
-0.23934976145304052 2.1170485834569654
-0.23891906959381168 2.1164935036191848
-0.23859504744170015 2.1156960135097336
-0.23792896514485745 2.115026534502077
-0.2376462509629384 2.11478241868628
-0.23757081106556646 2.114123790706197
-0.2372866110868259 2.1135894069460566
-0.23740188639706533 2.1133642442995173
-0.2374486332665781 2.112623574175383
-0.23737489014717508 2.1123645380918967
-0.23735424054986656 2.112597740721652
-0.23720530070959708 2.1122198357184043
-0.23710693465206306 2.1118243977305258
-0.23689556355721786 2.1120944885920907
-0.2369834702919501 2.1124757350136583
-0.23666681695219746 2.112368067444446
-0.23662538903576072 2.111765658296568
-0.23646524918335513 2.111549601830424
-0.2366620374735206 2.111527150799959
-0.23670717335081704 2.111701601736581
-0.2367163585330216 2.1115303066997586
-0.2370363770023556 2.1113919966886616
-0.23713473194720433 2.111053713289664
-0.23748904505799875 2.1107415445360296
-0.23778189414407058 2.1104735351317725
-0.23769173625076914 2.11023227429387
-0.23752189929233236 2.110245215617398
-0.23836034668696793 2.111367472792657
-0.23913475563045983 2.113212590585229
-0.24054619587551357 2.115922752527265
-0.24260684772256158 2.118466741635352
-0.24502466014495428 2.122368942881055
-0.24622859868574404 2.126017090106747
-0.248058003860651 2.1313545319502305
-0.24538636410984188 2.1345338784496226
-0.2426454365225488 2.1405123185355155
-0.23876312979884984 2.146894267664177
-0.23332301343166467 2.1535757236657447
-0.2269995926459369 2.159921373543349
-0.22161101696345376 2.1670644702431847
-0.21795651152743303 2.1746267846116427
-0.21556258220240793 2.1809867932936253
-0.21513771431110754 2.1858077119433754
-0.21499186834613618 2.1897830380205776
-0.21587441353141287 2.1931555116049215
-0.21658709745566918 2.194916653994653
-0.21672537414156134 2.1954957894448244
-0.21664141423413574 2.195560657300585
-0.21553653957067598 2.1960874660917318
-0.21408748890113108 2.1965207106658817
-0.21256770896092766 2.1961154565380805
-0.21057222436492418 2.1947488539806095
-0.20910874006885385 2.1945922080565783
-0.20522910540553282 2.195132956791195
-0.20221886642017814 2.1949110672318852
-0.19862088304679867 2.1957210676492838
-0.19584878751778365 2.196730094242171
-0.1939214202159835 2.197688215597984
-0.1919313955180908 2.1990848130657006
-0.18895123740726721 2.200037181818865
-0.18754445349843865 2.200770497337927
-0.1857368616759695 2.2010180365710452
-0.18471512815012076 2.202247520250781
-0.18253111778231537 2.2027192925960852
-0.18153025117955635 2.202909582688639
-0.18006640652146744 2.2033605330344628
-0.18029878639054933 2.2038426430224374
-0.18040526178086527 2.2032593554802724
-0.18004092401386457 2.2036218060240205
-0.17965024531090903 2.2035977876413173
-0.1791113137690948 2.2031213565207426
-0.17790529267004657 2.202864351947081
-0.1770759711339504 2.202335044245876
-0.17622914601663112 2.201221612314548
-0.17595225554656185 2.201056820728092
-0.17515532254750743 2.201287868968358
-0.17569123884344282 2.2005694231715096
-0.17587937797725495 2.2006037792657325
-0.17565778669996046 2.2007210883083457
-0.17581774615982393 2.200576005930335
-0.17617294656899288 2.200336296933062
-0.17623280509894726 2.2002668802205543
-0.17605575863028247 2.199873493977227
-0.17606482650897803 2.199870165312483
-0.1761663788402373 2.2001323938809305
-0.1764104157719766 2.199825479780506
-0.17642014444844406 2.1997524529719996
-0.17621934143677498 2.1999813944946984
-0.17575261402534462 2.199858047978706
-0.17533743077618935 2.199787081473089
-0.17483915621519197 2.2000710646042765
-0.17446042035350706 2.19986373075767
-0.17418835460681256 2.19972240981496
-0.17339976920194794 2.2001621585798548
-0.1726657294822892 2.200266048084512
-0.1713386454608938 2.201242578501731
-0.17146296406197575 2.201443517279729
-0.1710909214643228 2.2015026799273283
-0.17100479439525057 2.2014928907055253
-0.17090425110230592 2.2021204869444686
-0.17105015488372544 2.2022737505111607
-0.17113741207354424 2.202259259885976
-0.1711425959244611 2.2026876772892474
-0.17126184268032818 2.2027687853237974
-0.17130936122702523 2.2025773276264933
-0.171141352784056 2.2031075875746478
-0.17100849135504156 2.2034204165301907
-0.1709120768565078 2.2030584451087836
-0.17080586868756956 2.203426597672679
-0.17055997517183724 2.203512585084087
-0.17063111111666976 2.2029343884675536
-0.1704236293413364 2.203254633647602
-0.17040442367243613 2.203460559170544
-0.1707209789629736 2.2030769332863875
-0.17106452810176892 2.2032974313197586
-0.17161878472887276 2.203184672939433
-0.17300322810880808 2.2021316671451303
-0.1732024959778572 2.2018001536222966
-0.17300302431967096 2.2014652664307475
-0.17162687741884317 2.200777220799831
-0.1719391608022568 2.200736480057052
-0.17187896445312933 2.2008736872920545
-0.17208083181653513 2.200109170671562
-0.17217132518541978 2.200321537153657
-0.17211064930116418 2.2006936753372814
-0.17214822374671712 2.2001442978804104
-0.17203252769947316 2.2005137178253937
-0.17180450948888853 2.200883275413759
-0.17160744001325257 2.2001885694164653
-0.1705018553149909 2.2012222470440075
-0.17054411423213867 2.2011218949824687
-0.17039779203287853 2.20077260370631
-0.16963348906022957 2.2006663465114182
-0.169338279369912 2.2006983168779604
-0.16986736089394155 2.1999326334692135
-0.16942545596836028 2.199792303361085
-0.1692617429146553 2.1999412899733573
-0.16914040176721418 2.199104519958857
-0.1687261073680131 2.1988749854529948
-0.16895878000564896 2.1986936459298447
-0.16902748948841165 2.1976671066180367
-0.16899851989928003 2.1972814848078763
-0.16889890306836242 2.1975724795304066
-0.16924684000548929 2.196819430246496
-0.1694887184113392 2.196692708936271
-0.1695259591164722 2.197271255323461
-0.17036389757272646 2.196490690362028
-0.17106505409138992 2.196249242772298
-0.17130412066884265 2.196771290244424
-0.1721252005750138 2.196292323218207
-0.17274517299199577 2.1963852580943963
-0.1729652741666805 2.1973481574261964
-0.17345232520893844 2.197193368255321
-0.17410931243428962 2.1971822795154163
-0.17418840111652054 2.1980710285526435
-0.17458223937091594 2.1979174869208187
-0.17466994820925238 2.1977841203129866
-0.1745798426216859 2.198765910752364
-0.17453960546838101 2.1987833715708085
-0.17463121682802044 2.1989157323553203
-0.1746453938328388 2.1998889091463067
-0.17492013133327552 2.199844521551617
-0.1751645362468526 2.1996248938465293
-0.1750218848432036 2.2003476299112035
-0.17504943736273537 2.200406085800301
-0.17540059562050897 2.2001403290149057
-0.17547140915314188 2.200735150313054
-0.17547708985270175 2.2008176066674077
-0.17544072192124605 2.200638788912985
-0.17508888049262483 2.201323457085545
-0.17482782986723178 2.201061861058059
-0.1747741543055676 2.2002435599936825
-0.174443575923763 2.200678057680048
-0.17440254957164963 2.2005166025131713
-0.17465815486722713 2.1998507041438273
-0.17440471638742314 2.2004405844349875
-0.17434338372088387 2.2006317511715627
-0.1746157060345863 2.2002347923276875
-0.17438437062000922 2.2009873210403366
-0.1744755838867119 2.2013353820615866
-0.1747093122728834 2.2010290337384597
-0.17455571822549493 2.2019540027438107
-0.17459806385711363 2.202792484834539
-0.17465885860060718 2.2031004865587884
-0.17431011600549412 2.204514476232531
-0.17403879115806065 2.205188179315028
-0.17393587924667878 2.2053146854474823
-0.17341266279301987 2.206315172344345
-0.17278139566658382 2.206967158317141
-0.1717024990103794 2.207625661054964
-0.17077777600958954 2.2088258916493793
-0.16992092439572185 2.209574090720201
-0.16940118895244674 2.2093474438069274
-0.1689214786682062 2.2098415719609803
-0.1684818654690004 2.2103828776516883
-0.16823043220020326 2.209993300064897
-0.16781664066644866 2.2104638563286403
-0.17101856584885833 2.2106881413269592
-0.16803820356883106 2.2102057553714105
-0.16831634444577398 2.2110663239959107
-0.168370625944916 2.211836282727507
-0.16864406514665836 2.211781595981313
-0.16867445919212834 2.212483708152701
-0.16857219834520437 2.213298236729355
-0.16858030284854472 2.2132858616563635
-0.16802957593692047 2.213843032459357
-0.16718423019309014 2.214528319326034
-0.1665772918322484 2.214382362156826
-0.16569025252546304 2.2149369321235
-0.1645475467837145 2.2155332214603196
-0.16306479346491135 2.215335407969918
-0.16011554739264208 2.2166463846018227
-0.1569455636243742 2.217670403571703
-0.1536509095234065 2.2170839571439624
-0.15076654473599893 2.216988316218627
-0.14799770025506587 2.2167579239893778
-0.14575278093234206 2.2172437189215044
-0.14270270016499925 2.2182892002709913
-0.13953416456977466 2.220513477370849
-0.135882218560862 2.223349431034997
-0.13173012488391164 2.226626444334131
-0.12779514216367976 2.2290908895355988
-0.12335025572279042 2.2312437688686626
-0.11853083017556706 2.233694475512416
-0.1141528462441519 2.2371287729159612
-0.11062628392922197 2.2404102515112445
-0.10797286244078877 2.244841371374739
-0.10655218320356936 2.2492750082413413
-0.10522780947270005 2.253957136201588
-0.10335746891425987 2.258950348720086
-0.10056932492366238 2.2640203211102006
-0.09796114553850548 2.268324296498787
-0.09578629516891113 2.273249307453655
-0.09400919387231359 2.278579016774518
-0.09300201821271215 2.2827820281760225
-0.09255089249452496 2.285998331689557
-0.09268700744202704 2.2887485743201657
-0.09374127681446898 2.290971505766859
-0.0952485609535437 2.2938355924561296
-0.09603769541338025 2.2969486497783302
-0.095992097829034 2.298145997127154
-0.09554919947765908 2.2987611031366937
-0.09587646666158857 2.2989651729993783
-0.0956633071633446 2.2989574196000087
-0.09443503749654517 2.2996093886303486
-0.09285115848532055 2.2998438154070873
-0.09103113457839651 2.2995845872480256
-0.08904516038921388 2.2989623684187404
-0.08735626907546366 2.297945596491949
-0.08548322694728262 2.2975056618434597
-0.08402922065066233 2.2958507489246243
-0.08201838666706689 2.294769973088399
-0.08061100995040256 2.2936340160479487
-0.07998368401944303 2.292680517801339
-0.07896580402892138 2.291587069664771
-0.07803989445640803 2.291123182503205
-0.07685016512586876 2.2908512741547513
-0.07623433735286059 2.2909247575128626
-0.07480924140681806 2.2911617502897554
-0.07370075259841999 2.291293226393165
-0.07199514504298325 2.2912577564392675
-0.07072546874144846 2.2909541786060985
-0.07081551027175868 2.290279706646869
-0.07058650692208884 2.2892843587640685
-0.07039883476846642 2.288569506275905
-0.07140769368841812 2.287549936317672
-0.0723654095445874 2.2872623692081104
-0.07297736870073293 2.2878002129840196
-0.07292030660437587 2.287523415702604
-0.07253436774059169 2.2877222090390315
-0.07215774459013558 2.287785937495542
-0.07215307288251185 2.287520426493547
-0.0719146414679154 2.2874958538024024
-0.07182832320406618 2.2875941468425776
-0.07196552945316892 2.287461498701117
-0.07185403500342359 2.287445244718881
-0.07176346389839805 2.287517562755606
-0.07194703454660165 2.2873990340678834
-0.07185431781194682 2.287395196818851
-0.07175195647218618 2.2874924451082412
-0.07195841682819315 2.2873922821039625
-0.07186232691390695 2.2874101881993103
-0.0717243666573863 2.287482797877422
-0.0719352056368082 2.287386432910811
-0.07184039315384157 2.287424736496384
-0.07170804967413946 2.287523834118368
-0.07196345712598286 2.28744716990677
-0.0719405308619494 2.287460417121238
-0.07181328776583673 2.287533875601436
-0.07200250958361054 2.2874663923012846
-0.07194260336963139 2.287485226551567
-0.07184745335998784 2.287573180185492
-0.07208528165990363 2.28751248226105
-0.07203217791195513 2.287527779590457
-0.07190700349124195 2.2876382598702008
-0.07216195361256292 2.28757236453559
-0.07213610279241206 2.2875751723610573
-0.07202156827545679 2.2876615264659317
-0.0722298250398779 2.2875790914315375
-0.07216432833338288 2.2875756557750986
-0.07200103755395523 2.2876791492116313
-0.07222007874674215 2.28759295095473
-0.0721917810877957 2.287617156383575
-0.0720251623096039 2.2876839715488715
-0.07222486873125931 2.287613518853259
-0.07221253136594323 2.2876793542970666
-0.07207553334012581 2.2877990482567
-0.07224237591293482 2.287672227392811
-0.07223803278766013 2.287700015954946
-0.07210253126301017 2.2878016710334244
-0.07225235146666989 2.2876797523651686
-0.0722084401981572 2.2877178686101733
-0.07205309046483863 2.2877787542267956
-0.07224988936780896 2.2876416573669647
-0.07223451957090439 2.2877063739054035
-0.07206464685236734 2.2877961973609264
-0.07226826840530741 2.2876477026796955
-0.07227889741167615 2.287695201928923
-0.07212193091164085 2.2877896000901297
-0.07230198123345802 2.28766495142674
-0.07229447381410016 2.2877157664642183
-0.07216604737591094 2.2877671619931204
-0.07234555697460862 2.287632508684509
-0.07230809794116144 2.2876782950193855
-0.07217867579360193 2.287798146529363
-0.07234235321306219 2.28765575701488
-0.07232494371531838 2.2877182063715704
-0.07220531010200681 2.2877926103607953
-0.07231853663373282 2.287605288976394
-0.07227204018503132 2.287633801606281
-0.07219271444486308 2.287697053529126
-0.07238255523566703 2.28757344282798
-0.07239040061023493 2.28761043794385
-0.07227196554267551 2.287709825575914
-0.0724235913411022 2.287574325382748
-0.07242849533585285 2.2875825156529896
-0.07229438239541472 2.2876647212467143
-0.07242359115424335 2.2875802725471472
-0.07246471379106618 2.2876314409097325
-0.07232221201225708 2.2876544683446682
-0.07245224700418323 2.287524458439615
-0.07246868138186713 2.287598951962108
-0.07229791944227747 2.2876581732773453
-0.07245139546017555 2.2875221755925903
-0.07245202356063316 2.2875926639719655
-0.07231938866428145 2.287658002349235
-0.07251077856083796 2.287524991372328
-0.07252343580273118 2.287567395157512
-0.0723599021174783 2.2876172481504926
-0.07255577252902859 2.2874878285252462
-0.07252178675584092 2.2875137595201656
-0.07241253151185804 2.2875779003001377
-0.0725299838681383 2.287480571620617
-0.07255527616853652 2.287532427647237
-0.07241422253376245 2.2876089926715037
-0.07259257563370243 2.287511387204448
-0.07253876378109896 2.287532220131425
-0.07236843625488883 2.2875877431192007
-0.07255799739024046 2.287440088983559
-0.0726042653162638 2.287535348799138
-0.07245748925237393 2.287576634524435
-0.07259450593187337 2.2874934036182233
-0.07260956708466225 2.2875737538652
-0.07249703088110324 2.2875685277715885
-0.07269747604966217 2.2874687563982308
-0.07264374008009604 2.2875681989564716
-0.0725119689771792 2.2876147610272586
-0.07272484258523014 2.287490803697774
-0.0727371313786198 2.2876056732501264
-0.07258137018196081 2.287617807429254
-0.07277183018574084 2.2874927105362333
-0.07275181679916619 2.2875780406995645
-0.07261480240156112 2.2875842857145674
-0.07282876684305997 2.2874759076248226
-0.07281613160621274 2.287571595548698
-0.0726474115392266 2.2875921345794894
-0.07283774232858188 2.287468474915233
-0.07281845248438318 2.287577036411568
-0.07265000428389559 2.2875877567868965
-0.07278154919911173 2.28751972969557
-0.07269229726157897 2.287636601900952
-0.07256937636093126 2.2876120630562506
-0.0728305679939704 2.2874503149498513
-0.07281289829456639 2.287509842909242
-0.07267186418352466 2.287529287034488
-0.07280339545771305 2.287443659953771
-0.07272422818231242 2.2875465900051863
-0.0726021512120141 2.28754613359159
-0.07291041571042726 2.2874117813327084
-0.0728734431292082 2.287492192374137
-0.07257758754599712 2.287537829189174
-0.07273208807864258 2.2875055579216137
-0.07275730871702941 2.287608493285067
-0.0726783718961578 2.287613604925989
-0.07280842489383445 2.2875017853802295
-0.07276279737204404 2.2876171247999437
-0.07260395665311019 2.2876194938178376
-0.07281773369762735 2.287545615347247
-0.07285929922464018 2.287593745757388
-0.07274003686205519 2.2875456966852505
-0.07299926942019119 2.287421764332625
-0.07293035526209037 2.2875492795824433
-0.0728052856936212 2.2875495979960436
-0.0730210748522821 2.2874086896187587
-0.07295428108930557 2.2875430493614433
-0.0728421800492413 2.287553402315126
-0.07298511416929046 2.2874700587975973
-0.07296596426431183 2.2875816706734606
-0.07288346220711413 2.287554115993999
-0.07312897389789252 2.2874284308961506
-0.07304984969530604 2.287543994730371
-0.07295146616170056 2.2875339838351274
-0.07310865399532107 2.287438820205242
-0.07306834370338579 2.287535414443881
-0.07293320446776135 2.2875606079789574
-0.07339462779100892 2.287724727231058
-0.07311080171001165 2.287842043209269
-0.07315009661241405 2.2878055793830696
-0.07336254083359493 2.2877905484806154
-0.07306351504163293 2.2878089048614485
-0.07317353670221866 2.2877907412382137
-0.07338609129076512 2.2877604406622662
-0.0731393581079592 2.287846234391069
-0.07326158284693235 2.288026239093602
-0.07356897550402547 2.2880291966148723
-0.07309376233483346 2.2880062656700746
-0.07302747433369355 2.288004678005849
-0.07338796025075642 2.288027771361496
-0.07309672148169753 2.2880345392569024
-0.07322974321638834 2.2879701723770576
-0.07344109071332962 2.2879556668504164
-0.07309656519508552 2.288064790822046
-0.07320799827950047 2.287928484734554
-0.07351433370559117 2.288000604946191
-0.07319811981376953 2.2880160288299
-0.07315888947896101 2.2879942124367014
-0.07352329489746509 2.2880470923546574
-0.07321057532842588 2.2880233029224404
-0.07323490624608714 2.2880216563984384
-0.07365907496160734 2.287982884400325
-0.07313662542280207 2.2880192842538154
-0.07336491057997307 2.2879666090450583
-0.07371559044135731 2.2879694695872344
-0.07324177911938023 2.2879666006908264
-0.07328006958363559 2.288030458470371
-0.07357648846761666 2.2879970366286444
-0.07335404818334752 2.28801876988962
-0.07347572029545114 2.287962010599685
-0.07370238147818682 2.287827800533395
-0.07345234238992865 2.287905801771553
-0.07337071152700923 2.287879690479312
-0.07383394411609086 2.2878580818778804
-0.07334406708329816 2.287931269653015
-0.07346876280736148 2.287987498184683
-0.07383045993289519 2.287866368747611
-0.07347855296218914 2.2878866306315735
-0.07346659176855255 2.2879104300764745
-0.07373608580908363 2.287832298739752
-0.0734914721255525 2.287897442485216
-0.07353091960890412 2.2878960793899124
-0.07374407952391329 2.28784654446852
-0.0733919320401537 2.287966555993517
-0.07369607504472754 2.2878923360452803
-0.07396716003391693 2.2878697917186717
-0.07352612395509125 2.2879687882459208
-0.07358823092735486 2.287919625464428
-0.07384284585014339 2.287943707249102
-0.07353968052493119 2.2880024076143406
-0.07367810919023222 2.2879785038874343
-0.07391852363944412 2.287876554974785
-0.07366245070787886 2.287936716983929
-0.07371869655241194 2.2879332475967455
-0.07387949159703985 2.287893982365608
-0.07356783557996616 2.287975737693118
-0.0736678213963043 2.287981932633717
-0.07387989972616539 2.287899404167365
-0.07361020917148475 2.287978895255029
-0.07376151245252674 2.287902946706245
-0.07395546939525768 2.2878872999598094
-0.07368361684903182 2.2879596660595465
-0.07375353175770732 2.287883350913386
-0.07397986617321244 2.287800894331986
-0.07362187564570401 2.287881152623768
-0.07382917710570054 2.287893959651247
-0.07401052541970203 2.2877958045882645
-0.07368641163872636 2.2879165473363114
-0.07384636130995696 2.2878422318321108
-0.07405128499882799 2.2877736630652135
-0.07370253240911165 2.2878913752209207
-0.07389061566201016 2.287861991678105
-0.07405510559668968 2.2877994152236125
-0.07372568419015879 2.2879349434240965
-0.0739102429487137 2.2878094855556705
-0.07407434796000496 2.287793900671271
-0.0737576899652242 2.2879416939372152
-0.07387670727198545 2.2878176888444215
