0.8235285878181458 0.8287984132766724
0.6207878589630127 0.5618675351142883
0.8173061013221741 0.6103730201721191
0.7701190710067749 0.7227465510368347
0.7454844117164612 0.5114004015922546
0.7630519270896912 0.47613054513931274
0.7262923121452332 0.6722967028617859
0.7033832669258118 0.6254329085350037
0.7704906463623047 0.7617700695991516
0.7678475975990295 0.7239208817481995
0.795853853225708 0.8873741626739502
0.7944023013114929 0.8857228755950928
0.7831106185913086 1.664211392402649
0.8789955973625183 1.3567496538162231
0.9031489491462708 1.5262895822525024
0.9102974534034729 1.5811644792556763
0.8979899287223816 1.421838641166687
0.812147855758667 1.554491400718689
0.8852238059043884 1.6693063974380493
0.796135425567627 1.63931143283844
0.7997822761535645 1.641425609588623
0.8686848282814026 1.3231498003005981
0.9075753688812256 1.5756033658981323
0.9152604341506958 1.5806092023849487
0.9944588541984558 2.720871925354004
0.9582380652427673 2.6888749599456787
0.7911074757575989 2.822305202484131
0.7914628982543945 2.759573459625244
0.9000809788703918 2.70918345451355
0.7943955659866333 2.881039619445801
0.8535244464874268 2.7496466636657715
0.7704005837440491 2.8599629402160645
0.7552264928817749 2.9554288387298584
0.789646327495575 2.9363486766815186
0.884329080581665 2.7134108543395996
0.08846095204353333 3.383233070373535
0.32649028301239014 3.422652006149292
-0.0901714339852333 3.4387261867523193
-0.1099293977022171 3.3945767879486084
-0.006712371949106455 3.3802740573883057
0.11465230584144592 3.432243824005127
-0.02594420127570629 3.430377244949341
0.24033410847187042 3.406611680984497
-0.1363621950149536 3.4009811878204346
